{
 "cells": [
  {
   "cell_type": "code",
   "execution_count": 3,
   "metadata": {},
   "outputs": [
    {
     "name": "stderr",
     "output_type": "stream",
     "text": [
      "C:\\Users\\admin\\Anaconda3\\lib\\importlib\\_bootstrap.py:219: RuntimeWarning: numpy.ufunc size changed, may indicate binary incompatibility. Expected 192 from C header, got 216 from PyObject\n",
      "  return f(*args, **kwds)\n",
      "C:\\Users\\admin\\Anaconda3\\lib\\importlib\\_bootstrap.py:219: RuntimeWarning: numpy.ufunc size changed, may indicate binary incompatibility. Expected 192 from C header, got 216 from PyObject\n",
      "  return f(*args, **kwds)\n",
      "C:\\Users\\admin\\Anaconda3\\lib\\importlib\\_bootstrap.py:219: RuntimeWarning: numpy.ufunc size changed, may indicate binary incompatibility. Expected 192 from C header, got 216 from PyObject\n",
      "  return f(*args, **kwds)\n",
      "C:\\Users\\admin\\Anaconda3\\lib\\importlib\\_bootstrap.py:219: RuntimeWarning: numpy.ufunc size changed, may indicate binary incompatibility. Expected 216, got 192\n",
      "  return f(*args, **kwds)\n",
      "C:\\Users\\admin\\Anaconda3\\lib\\importlib\\_bootstrap.py:219: RuntimeWarning: numpy.ufunc size changed, may indicate binary incompatibility. Expected 192 from C header, got 216 from PyObject\n",
      "  return f(*args, **kwds)\n"
     ]
    }
   ],
   "source": [
    "import pandas as pd\n",
    "import seaborn as sns\n",
    "import matplotlib.pyplot as plt"
   ]
  },
  {
   "cell_type": "code",
   "execution_count": 6,
   "metadata": {},
   "outputs": [],
   "source": [
    "df = pd.read_csv(\"Classified Data\", index_col=0)"
   ]
  },
  {
   "cell_type": "code",
   "execution_count": 7,
   "metadata": {},
   "outputs": [
    {
     "data": {
      "text/html": [
       "<div>\n",
       "<style scoped>\n",
       "    .dataframe tbody tr th:only-of-type {\n",
       "        vertical-align: middle;\n",
       "    }\n",
       "\n",
       "    .dataframe tbody tr th {\n",
       "        vertical-align: top;\n",
       "    }\n",
       "\n",
       "    .dataframe thead th {\n",
       "        text-align: right;\n",
       "    }\n",
       "</style>\n",
       "<table border=\"1\" class=\"dataframe\">\n",
       "  <thead>\n",
       "    <tr style=\"text-align: right;\">\n",
       "      <th></th>\n",
       "      <th>WTT</th>\n",
       "      <th>PTI</th>\n",
       "      <th>EQW</th>\n",
       "      <th>SBI</th>\n",
       "      <th>LQE</th>\n",
       "      <th>QWG</th>\n",
       "      <th>FDJ</th>\n",
       "      <th>PJF</th>\n",
       "      <th>HQE</th>\n",
       "      <th>NXJ</th>\n",
       "      <th>TARGET CLASS</th>\n",
       "    </tr>\n",
       "  </thead>\n",
       "  <tbody>\n",
       "    <tr>\n",
       "      <th>0</th>\n",
       "      <td>0.913917</td>\n",
       "      <td>1.162073</td>\n",
       "      <td>0.567946</td>\n",
       "      <td>0.755464</td>\n",
       "      <td>0.780862</td>\n",
       "      <td>0.352608</td>\n",
       "      <td>0.759697</td>\n",
       "      <td>0.643798</td>\n",
       "      <td>0.879422</td>\n",
       "      <td>1.231409</td>\n",
       "      <td>1</td>\n",
       "    </tr>\n",
       "    <tr>\n",
       "      <th>1</th>\n",
       "      <td>0.635632</td>\n",
       "      <td>1.003722</td>\n",
       "      <td>0.535342</td>\n",
       "      <td>0.825645</td>\n",
       "      <td>0.924109</td>\n",
       "      <td>0.648450</td>\n",
       "      <td>0.675334</td>\n",
       "      <td>1.013546</td>\n",
       "      <td>0.621552</td>\n",
       "      <td>1.492702</td>\n",
       "      <td>0</td>\n",
       "    </tr>\n",
       "    <tr>\n",
       "      <th>2</th>\n",
       "      <td>0.721360</td>\n",
       "      <td>1.201493</td>\n",
       "      <td>0.921990</td>\n",
       "      <td>0.855595</td>\n",
       "      <td>1.526629</td>\n",
       "      <td>0.720781</td>\n",
       "      <td>1.626351</td>\n",
       "      <td>1.154483</td>\n",
       "      <td>0.957877</td>\n",
       "      <td>1.285597</td>\n",
       "      <td>0</td>\n",
       "    </tr>\n",
       "    <tr>\n",
       "      <th>3</th>\n",
       "      <td>1.234204</td>\n",
       "      <td>1.386726</td>\n",
       "      <td>0.653046</td>\n",
       "      <td>0.825624</td>\n",
       "      <td>1.142504</td>\n",
       "      <td>0.875128</td>\n",
       "      <td>1.409708</td>\n",
       "      <td>1.380003</td>\n",
       "      <td>1.522692</td>\n",
       "      <td>1.153093</td>\n",
       "      <td>1</td>\n",
       "    </tr>\n",
       "    <tr>\n",
       "      <th>4</th>\n",
       "      <td>1.279491</td>\n",
       "      <td>0.949750</td>\n",
       "      <td>0.627280</td>\n",
       "      <td>0.668976</td>\n",
       "      <td>1.232537</td>\n",
       "      <td>0.703727</td>\n",
       "      <td>1.115596</td>\n",
       "      <td>0.646691</td>\n",
       "      <td>1.463812</td>\n",
       "      <td>1.419167</td>\n",
       "      <td>1</td>\n",
       "    </tr>\n",
       "  </tbody>\n",
       "</table>\n",
       "</div>"
      ],
      "text/plain": [
       "        WTT       PTI       EQW       SBI       LQE       QWG       FDJ  \\\n",
       "0  0.913917  1.162073  0.567946  0.755464  0.780862  0.352608  0.759697   \n",
       "1  0.635632  1.003722  0.535342  0.825645  0.924109  0.648450  0.675334   \n",
       "2  0.721360  1.201493  0.921990  0.855595  1.526629  0.720781  1.626351   \n",
       "3  1.234204  1.386726  0.653046  0.825624  1.142504  0.875128  1.409708   \n",
       "4  1.279491  0.949750  0.627280  0.668976  1.232537  0.703727  1.115596   \n",
       "\n",
       "        PJF       HQE       NXJ  TARGET CLASS  \n",
       "0  0.643798  0.879422  1.231409             1  \n",
       "1  1.013546  0.621552  1.492702             0  \n",
       "2  1.154483  0.957877  1.285597             0  \n",
       "3  1.380003  1.522692  1.153093             1  \n",
       "4  0.646691  1.463812  1.419167             1  "
      ]
     },
     "execution_count": 7,
     "metadata": {},
     "output_type": "execute_result"
    }
   ],
   "source": [
    "df.head()"
   ]
  },
  {
   "cell_type": "code",
   "execution_count": 8,
   "metadata": {},
   "outputs": [
    {
     "data": {
      "text/plain": [
       "array([1, 0], dtype=int64)"
      ]
     },
     "execution_count": 8,
     "metadata": {},
     "output_type": "execute_result"
    }
   ],
   "source": [
    "df['TARGET CLASS'].unique()"
   ]
  },
  {
   "cell_type": "code",
   "execution_count": 9,
   "metadata": {},
   "outputs": [
    {
     "data": {
      "text/html": [
       "<div>\n",
       "<style scoped>\n",
       "    .dataframe tbody tr th:only-of-type {\n",
       "        vertical-align: middle;\n",
       "    }\n",
       "\n",
       "    .dataframe tbody tr th {\n",
       "        vertical-align: top;\n",
       "    }\n",
       "\n",
       "    .dataframe thead th {\n",
       "        text-align: right;\n",
       "    }\n",
       "</style>\n",
       "<table border=\"1\" class=\"dataframe\">\n",
       "  <thead>\n",
       "    <tr style=\"text-align: right;\">\n",
       "      <th></th>\n",
       "      <th>WTT</th>\n",
       "      <th>PTI</th>\n",
       "      <th>EQW</th>\n",
       "      <th>SBI</th>\n",
       "      <th>LQE</th>\n",
       "      <th>QWG</th>\n",
       "      <th>FDJ</th>\n",
       "      <th>PJF</th>\n",
       "      <th>HQE</th>\n",
       "      <th>NXJ</th>\n",
       "      <th>TARGET CLASS</th>\n",
       "    </tr>\n",
       "  </thead>\n",
       "  <tbody>\n",
       "    <tr>\n",
       "      <th>WTT</th>\n",
       "      <td>1.000000</td>\n",
       "      <td>-0.235255</td>\n",
       "      <td>-0.301018</td>\n",
       "      <td>-0.101517</td>\n",
       "      <td>-0.083401</td>\n",
       "      <td>-0.183628</td>\n",
       "      <td>-0.148100</td>\n",
       "      <td>-0.330977</td>\n",
       "      <td>0.324981</td>\n",
       "      <td>-0.073889</td>\n",
       "      <td>0.551394</td>\n",
       "    </tr>\n",
       "    <tr>\n",
       "      <th>PTI</th>\n",
       "      <td>-0.235255</td>\n",
       "      <td>1.000000</td>\n",
       "      <td>0.271908</td>\n",
       "      <td>0.001580</td>\n",
       "      <td>0.097322</td>\n",
       "      <td>0.173701</td>\n",
       "      <td>0.095060</td>\n",
       "      <td>0.246387</td>\n",
       "      <td>-0.266242</td>\n",
       "      <td>0.035834</td>\n",
       "      <td>-0.468748</td>\n",
       "    </tr>\n",
       "    <tr>\n",
       "      <th>EQW</th>\n",
       "      <td>-0.301018</td>\n",
       "      <td>0.271908</td>\n",
       "      <td>1.000000</td>\n",
       "      <td>-0.040291</td>\n",
       "      <td>0.144539</td>\n",
       "      <td>0.182021</td>\n",
       "      <td>0.059533</td>\n",
       "      <td>0.323857</td>\n",
       "      <td>-0.324656</td>\n",
       "      <td>0.126143</td>\n",
       "      <td>-0.598120</td>\n",
       "    </tr>\n",
       "    <tr>\n",
       "      <th>SBI</th>\n",
       "      <td>-0.101517</td>\n",
       "      <td>0.001580</td>\n",
       "      <td>-0.040291</td>\n",
       "      <td>1.000000</td>\n",
       "      <td>-0.007983</td>\n",
       "      <td>0.022026</td>\n",
       "      <td>-0.007666</td>\n",
       "      <td>0.037767</td>\n",
       "      <td>0.078032</td>\n",
       "      <td>0.145045</td>\n",
       "      <td>0.028874</td>\n",
       "    </tr>\n",
       "    <tr>\n",
       "      <th>LQE</th>\n",
       "      <td>-0.083401</td>\n",
       "      <td>0.097322</td>\n",
       "      <td>0.144539</td>\n",
       "      <td>-0.007983</td>\n",
       "      <td>1.000000</td>\n",
       "      <td>0.049944</td>\n",
       "      <td>0.035750</td>\n",
       "      <td>0.083734</td>\n",
       "      <td>-0.143929</td>\n",
       "      <td>0.044496</td>\n",
       "      <td>-0.205043</td>\n",
       "    </tr>\n",
       "    <tr>\n",
       "      <th>QWG</th>\n",
       "      <td>-0.183628</td>\n",
       "      <td>0.173701</td>\n",
       "      <td>0.182021</td>\n",
       "      <td>0.022026</td>\n",
       "      <td>0.049944</td>\n",
       "      <td>1.000000</td>\n",
       "      <td>0.098062</td>\n",
       "      <td>0.199189</td>\n",
       "      <td>-0.181809</td>\n",
       "      <td>0.036078</td>\n",
       "      <td>-0.327664</td>\n",
       "    </tr>\n",
       "    <tr>\n",
       "      <th>FDJ</th>\n",
       "      <td>-0.148100</td>\n",
       "      <td>0.095060</td>\n",
       "      <td>0.059533</td>\n",
       "      <td>-0.007666</td>\n",
       "      <td>0.035750</td>\n",
       "      <td>0.098062</td>\n",
       "      <td>1.000000</td>\n",
       "      <td>0.122888</td>\n",
       "      <td>-0.116969</td>\n",
       "      <td>-0.012923</td>\n",
       "      <td>-0.214885</td>\n",
       "    </tr>\n",
       "    <tr>\n",
       "      <th>PJF</th>\n",
       "      <td>-0.330977</td>\n",
       "      <td>0.246387</td>\n",
       "      <td>0.323857</td>\n",
       "      <td>0.037767</td>\n",
       "      <td>0.083734</td>\n",
       "      <td>0.199189</td>\n",
       "      <td>0.122888</td>\n",
       "      <td>1.000000</td>\n",
       "      <td>-0.363736</td>\n",
       "      <td>0.028012</td>\n",
       "      <td>-0.571483</td>\n",
       "    </tr>\n",
       "    <tr>\n",
       "      <th>HQE</th>\n",
       "      <td>0.324981</td>\n",
       "      <td>-0.266242</td>\n",
       "      <td>-0.324656</td>\n",
       "      <td>0.078032</td>\n",
       "      <td>-0.143929</td>\n",
       "      <td>-0.181809</td>\n",
       "      <td>-0.116969</td>\n",
       "      <td>-0.363736</td>\n",
       "      <td>1.000000</td>\n",
       "      <td>-0.129283</td>\n",
       "      <td>0.643989</td>\n",
       "    </tr>\n",
       "    <tr>\n",
       "      <th>NXJ</th>\n",
       "      <td>-0.073889</td>\n",
       "      <td>0.035834</td>\n",
       "      <td>0.126143</td>\n",
       "      <td>0.145045</td>\n",
       "      <td>0.044496</td>\n",
       "      <td>0.036078</td>\n",
       "      <td>-0.012923</td>\n",
       "      <td>0.028012</td>\n",
       "      <td>-0.129283</td>\n",
       "      <td>1.000000</td>\n",
       "      <td>-0.111730</td>\n",
       "    </tr>\n",
       "    <tr>\n",
       "      <th>TARGET CLASS</th>\n",
       "      <td>0.551394</td>\n",
       "      <td>-0.468748</td>\n",
       "      <td>-0.598120</td>\n",
       "      <td>0.028874</td>\n",
       "      <td>-0.205043</td>\n",
       "      <td>-0.327664</td>\n",
       "      <td>-0.214885</td>\n",
       "      <td>-0.571483</td>\n",
       "      <td>0.643989</td>\n",
       "      <td>-0.111730</td>\n",
       "      <td>1.000000</td>\n",
       "    </tr>\n",
       "  </tbody>\n",
       "</table>\n",
       "</div>"
      ],
      "text/plain": [
       "                   WTT       PTI       EQW       SBI       LQE       QWG  \\\n",
       "WTT           1.000000 -0.235255 -0.301018 -0.101517 -0.083401 -0.183628   \n",
       "PTI          -0.235255  1.000000  0.271908  0.001580  0.097322  0.173701   \n",
       "EQW          -0.301018  0.271908  1.000000 -0.040291  0.144539  0.182021   \n",
       "SBI          -0.101517  0.001580 -0.040291  1.000000 -0.007983  0.022026   \n",
       "LQE          -0.083401  0.097322  0.144539 -0.007983  1.000000  0.049944   \n",
       "QWG          -0.183628  0.173701  0.182021  0.022026  0.049944  1.000000   \n",
       "FDJ          -0.148100  0.095060  0.059533 -0.007666  0.035750  0.098062   \n",
       "PJF          -0.330977  0.246387  0.323857  0.037767  0.083734  0.199189   \n",
       "HQE           0.324981 -0.266242 -0.324656  0.078032 -0.143929 -0.181809   \n",
       "NXJ          -0.073889  0.035834  0.126143  0.145045  0.044496  0.036078   \n",
       "TARGET CLASS  0.551394 -0.468748 -0.598120  0.028874 -0.205043 -0.327664   \n",
       "\n",
       "                   FDJ       PJF       HQE       NXJ  TARGET CLASS  \n",
       "WTT          -0.148100 -0.330977  0.324981 -0.073889      0.551394  \n",
       "PTI           0.095060  0.246387 -0.266242  0.035834     -0.468748  \n",
       "EQW           0.059533  0.323857 -0.324656  0.126143     -0.598120  \n",
       "SBI          -0.007666  0.037767  0.078032  0.145045      0.028874  \n",
       "LQE           0.035750  0.083734 -0.143929  0.044496     -0.205043  \n",
       "QWG           0.098062  0.199189 -0.181809  0.036078     -0.327664  \n",
       "FDJ           1.000000  0.122888 -0.116969 -0.012923     -0.214885  \n",
       "PJF           0.122888  1.000000 -0.363736  0.028012     -0.571483  \n",
       "HQE          -0.116969 -0.363736  1.000000 -0.129283      0.643989  \n",
       "NXJ          -0.012923  0.028012 -0.129283  1.000000     -0.111730  \n",
       "TARGET CLASS -0.214885 -0.571483  0.643989 -0.111730      1.000000  "
      ]
     },
     "execution_count": 9,
     "metadata": {},
     "output_type": "execute_result"
    }
   ],
   "source": [
    "df.corr()"
   ]
  },
  {
   "cell_type": "code",
   "execution_count": 10,
   "metadata": {},
   "outputs": [
    {
     "name": "stdout",
     "output_type": "stream",
     "text": [
      "<class 'pandas.core.frame.DataFrame'>\n",
      "Int64Index: 1000 entries, 0 to 999\n",
      "Data columns (total 11 columns):\n",
      "WTT             1000 non-null float64\n",
      "PTI             1000 non-null float64\n",
      "EQW             1000 non-null float64\n",
      "SBI             1000 non-null float64\n",
      "LQE             1000 non-null float64\n",
      "QWG             1000 non-null float64\n",
      "FDJ             1000 non-null float64\n",
      "PJF             1000 non-null float64\n",
      "HQE             1000 non-null float64\n",
      "NXJ             1000 non-null float64\n",
      "TARGET CLASS    1000 non-null int64\n",
      "dtypes: float64(10), int64(1)\n",
      "memory usage: 93.8 KB\n"
     ]
    }
   ],
   "source": [
    "df.info()"
   ]
  },
  {
   "cell_type": "code",
   "execution_count": 11,
   "metadata": {},
   "outputs": [
    {
     "data": {
      "text/plain": [
       "0.9496815136132967"
      ]
     },
     "execution_count": 11,
     "metadata": {},
     "output_type": "execute_result"
    }
   ],
   "source": [
    "df['WTT'].mean()"
   ]
  },
  {
   "cell_type": "code",
   "execution_count": 12,
   "metadata": {},
   "outputs": [
    {
     "data": {
      "text/plain": [
       "WTT             0.949682\n",
       "PTI             1.114303\n",
       "EQW             0.834127\n",
       "SBI             0.682099\n",
       "LQE             1.032336\n",
       "QWG             0.943534\n",
       "FDJ             0.963422\n",
       "PJF             1.071960\n",
       "HQE             1.158251\n",
       "NXJ             1.362725\n",
       "TARGET CLASS    0.500000\n",
       "dtype: float64"
      ]
     },
     "execution_count": 12,
     "metadata": {},
     "output_type": "execute_result"
    }
   ],
   "source": [
    "df.mean()"
   ]
  },
  {
   "cell_type": "code",
   "execution_count": 13,
   "metadata": {},
   "outputs": [],
   "source": [
    "from sklearn.preprocessing import StandardScaler"
   ]
  },
  {
   "cell_type": "code",
   "execution_count": 14,
   "metadata": {},
   "outputs": [],
   "source": [
    "scaler = StandardScaler()"
   ]
  },
  {
   "cell_type": "code",
   "execution_count": 15,
   "metadata": {},
   "outputs": [
    {
     "data": {
      "text/plain": [
       "StandardScaler(copy=True, with_mean=True, with_std=True)"
      ]
     },
     "execution_count": 15,
     "metadata": {},
     "output_type": "execute_result"
    }
   ],
   "source": [
    "scaler.fit(df.drop(['TARGET CLASS'],axis=1))"
   ]
  },
  {
   "cell_type": "code",
   "execution_count": 17,
   "metadata": {},
   "outputs": [],
   "source": [
    "df_scaler = scaler.transform(df.drop(['TARGET CLASS'],axis=1))"
   ]
  },
  {
   "cell_type": "code",
   "execution_count": 19,
   "metadata": {},
   "outputs": [
    {
     "data": {
      "text/plain": [
       "array([[-0.12354188,  0.18590747, -0.91343069, ..., -1.48236813,\n",
       "        -0.9497194 , -0.64331425],\n",
       "       [-1.08483602, -0.43034845, -1.02531333, ..., -0.20224031,\n",
       "        -1.82805088,  0.63675862],\n",
       "       [-0.78870217,  0.33931821,  0.30151137, ...,  0.28570652,\n",
       "        -0.68249379, -0.37784986],\n",
       "       ...,\n",
       "       [ 0.64177714, -0.51308341, -0.17920486, ..., -2.36249443,\n",
       "        -0.81426092,  0.11159651],\n",
       "       [ 0.46707241, -0.98278576, -1.46519359, ..., -0.03677699,\n",
       "         0.40602453, -0.85567   ],\n",
       "       [-0.38765353, -0.59589427, -1.4313981 , ..., -0.56778932,\n",
       "         0.3369971 ,  0.01034996]])"
      ]
     },
     "execution_count": 19,
     "metadata": {},
     "output_type": "execute_result"
    }
   ],
   "source": [
    "df_scaler"
   ]
  },
  {
   "cell_type": "code",
   "execution_count": 22,
   "metadata": {},
   "outputs": [],
   "source": [
    "df_transformed = pd.DataFrame(df_scaler,columns= df.columns[:-1])"
   ]
  },
  {
   "cell_type": "code",
   "execution_count": null,
   "metadata": {},
   "outputs": [],
   "source": [
    "df_transformed.head()"
   ]
  },
  {
   "cell_type": "code",
   "execution_count": 24,
   "metadata": {},
   "outputs": [
    {
     "data": {
      "text/plain": [
       "WTT    1.394440e-16\n",
       "PTI   -2.658984e-16\n",
       "EQW   -9.992007e-17\n",
       "SBI   -1.432188e-16\n",
       "LQE   -6.134537e-16\n",
       "QWG    2.486900e-17\n",
       "FDJ    6.682432e-16\n",
       "PJF   -4.778400e-16\n",
       "HQE    3.358980e-16\n",
       "NXJ    4.650169e-16\n",
       "dtype: float64"
      ]
     },
     "execution_count": 24,
     "metadata": {},
     "output_type": "execute_result"
    }
   ],
   "source": [
    "df_transformed.mean()"
   ]
  },
  {
   "cell_type": "code",
   "execution_count": null,
   "metadata": {},
   "outputs": [],
   "source": []
  }
 ],
 "metadata": {
  "kernelspec": {
   "display_name": "Python 3",
   "language": "python",
   "name": "python3"
  },
  "language_info": {
   "codemirror_mode": {
    "name": "ipython",
    "version": 3
   },
   "file_extension": ".py",
   "mimetype": "text/x-python",
   "name": "python",
   "nbconvert_exporter": "python",
   "pygments_lexer": "ipython3",
   "version": "3.7.6"
  }
 },
 "nbformat": 4,
 "nbformat_minor": 2
}
